3.939
4.060
3.627
10.12
3.589
4.075
4.855
4.083
3.774
3.541
3.418
4.812
3.874
3.987
4.212
3.754
4.110
4.161
3.923
3.641
4.277
5.673
12.07
5.411
3.669
5.035
3.962
3.081
3.556
3.802
5.314
4.753
3.717
3.571
3.824
4.104
3.757
5.295
3.436
3.607
4.953
4.839
3.682
4.103
4.016
4.435
5.130
4.379
4.721
5.562
3.582
3.576
3.604
3.975
4.005
5.388
11.78
3.741
3.377
3.590
3.558
3.483
3.436
3.716
3.670
4.378
3.999
3.703
3.285
4.448
4.174
3.653
4.026
4.173
3.721
3.761
4.510
5.380
5.893
5.290
4.686
4.136
2.505
3.790
4.309
3.958
3.819
3.962
5.395
3.306
3.271
13.90
4.436
4.048
4.532
3.229
4.248
11.76
3.626
4.844
3.658
3.339
5.254
3.720
3.978
3.163
4.567
3.173
3.994
3.982
5.422
4.763
4.558
3.869
12.77
3.935
3.683
4.405
4.239
3.584
12.03
3.946
4.092
3.815
3.419
5.120
4.916
11.98
4.302
4.567
3.701
3.862
3.671
4.078
3.839
4.190
3.621
3.895
4.077
3.146
3.268
5.812
5.791
4.866
5.441
5.504
5.444
5.997
5.788
4.853
5.133
4.055
4.824
4.307
3.846
5.284
5.694
5.697
5.746
3.987
4.023
4.081
4.145
3.690
3.805
11.70
4.601
4.353
12.07
4.948
3.779
3.844
3.920
13.22
3.974
13.95
8.955
4.364
5.392
4.005
4.274
3.888
4.660
5.499
3.548
4.222
3.979
5.639
3.418
7.475
3.988
4.241
3.490
3.535
4.230
3.538
3.426
4.230
3.901
3.485
4.201
