3.462
4.056
3.469
3.227
3.632
3.930
4.040
3.587
3.491
3.518
3.391
3.418
4.007
3.438
3.195
3.699
3.673
3.529
3.553
3.523
3.830
3.365
3.458
4.148
3.757
3.428
3.681
3.272
3.768
2.822
3.172
5.042
3.654
3.419
3.522
3.322
3.383
2.844
3.562
3.448
3.971
3.751
3.431
3.681
3.743
3.196
3.953
3.291
3.319
3.637
4.683
3.360
3.940
3.334
4.092
3.335
3.415
3.367
4.095
3.658
3.919
3.075
3.515
2.944
4.099
2.965
3.347
3.095
3.588
3.541
4.518
3.812
3.496
4.053
3.844
3.720
3.866
3.398
3.342
3.863
3.285
3.718
3.517
3.224
4.270
3.268
4.066
4.223
4.305
4.444
3.806
4.202
4.093
3.673
3.571
4.233
3.727
3.433
3.852
2.824
2.987
3.098
4.321
3.698
3.232
3.269
3.434
3.459
4.558
4.062
3.999
3.675
3.273
3.413
3.360
3.585
3.389
3.067
3.733
3.756
3.211
3.944
3.905
2.889
3.724
3.585
3.995
4.236
3.486
3.828
3.495
3.214
3.479
3.470
3.114
3.726
4.351
3.661
3.224
3.345
4.040
3.574
4.023
3.625
3.839
3.179
3.875
3.961
5.483
4.532
3.580
3.808
3.686
4.238
3.908
3.931
4.857
4.488
4.465
4.060
3.858
4.390
3.799
4.090
4.055
4.489
3.604
4.466
3.466
3.650
4.827
3.698
4.003
3.937
4.145
4.171
3.830
4.440
3.826
3.621
3.664
3.967
4.472
3.838
4.312
3.737
4.505
3.749
3.839
3.629
4.501
4.515
4.247
4.980
3.307
3.619
4.071
3.583
3.607
3.579
4.078
