3.736
4.059
3.699
6.098
3.609
4.223
4.356
4.099
3.747
3.438
3.361
4.791
3.712
3.779
4.163
3.785
3.979
4.000
3.931
3.664
3.729
5.019
6.849
4.176
3.662
3.907
3.980
3.019
3.527
3.774
4.775
4.205
3.794
3.658
4.023
3.755
3.919
4.671
3.305
3.604
3.850
4.773
3.512
4.002
3.848
4.659
4.815
4.501
4.307
4.500
3.691
3.544
3.661
3.809
4.233
4.272
6.473
3.803
3.418
3.703
3.651
3.167
3.388
3.294
3.812
4.283
3.790
3.790
3.270
4.200
4.020
3.661
3.623
4.211
3.348
3.445
3.676
5.252
5.886
4.202
4.245
4.181
2.744
4.196
3.751
3.895
3.940
3.819
3.983
3.126
3.374
7.411
4.435
3.734
5.078
3.305
4.351
7.303
3.725
4.542
3.544
3.402
4.447
3.702
3.769
3.138
4.841
3.232
3.712
3.748
3.985
4.499
4.329
3.931
7.729
3.486
3.383
4.049
3.792
4.700
6.650
4.039
4.132
3.617
3.318
4.964
4.036
6.361
4.095
4.386
3.732
3.908
3.630
4.155
4.025
4.629
3.433
4.090
3.848
3.141
3.095
5.725
5.652
4.829
4.722
5.873
5.321
5.957
5.238
4.463
4.874
4.151
4.643
4.115
3.476
4.808
5.333
4.989
5.207
3.961
3.988
4.103
4.222
3.812
3.772
7.016
4.624
4.326
6.759
4.353
3.867
3.801
3.841
7.481
4.309
7.618
6.730
4.429
5.509
4.121
4.548
3.833
4.689
6.655
3.523
4.317
4.180
5.765
3.449
6.534
3.861
4.334
3.484
3.804
4.319
3.782
3.614
4.039
3.932
3.403
4.260
